139367
232386
264529
311687
399030
480823
483935
484802
484910
547244
582388
717468
831191
838098
858188
996969
1043989
1105639
1163586
1209135
1243809
1317294
1321854
1516071
1705494
1707698
1708106
1883513
1944812
1956125
2053030
2241569
2245443
2394477
2403740
2606362
2656062
2673850
2724207
2725872
2782329
2783324
2799897
2815071
2819881
2859084
2870880
2885233
2896442
2916684
2956883
3044166
3045800
3057841
3119203
3125870
3131388
3175081
3196324
3200701
3308481
3309110
3339643
3357376
3374570
3405111
3412058
3412387
3458128
3467517
3499907
3546340
3610524
3748162
3800001
3814906
3819336
3907654
3964744
4046172
4055595
4065464
4112579
4132158
4155889
4186455
4203837
4233715
4235646
4291069
4345028
4363991
4436542
4458201
4462318
4467099
4506289
4549122
4555400
4600730
4773351
4773596
4927750
4962784
5072911
5177483
5219923
5269826
5310790
5391540
5414147
5520479
5668661
5722208
5752544
5805902
5902786
5980412
6015361
6190060
6271778
6298362
6607339
6613686
6614628
6616216
6770275
6883725
7036307
7105475
7109847
7124172
7128527
7148192
7150023
7239428
7274890
7592558
7598529
7599783
7600394
7605944
7606419
7606669
7606764
7607492
7609215
7625831
7651159
7651325
7698915
7701457
7710616
7712559
7767344
7852614
7852833
7854455
7855317
7882420
7893528
7896060
7896560
7924033
7925966
7926920
8095160
8124208
8570466
8703165
8822245
9020389
9199904
9272085
9393605
9427682
9541919
9756500
9911156
10000459
10024569
10080493
10419047
10467171
10548623
10601537
10657306
10744544
10814234
11398188
11426148
11460338
11541907
11796913
11802734
11904204
11907622
11914464
12548134
12940483
13375167
13417410
13447361
13528852
13915417
14140678
14175313
14195315
14362373
14442985
14488912
14533937
14550987
14598383
14864255
14916004
14940386
14950983
14966192
15118453
15180528
15184755
15371431
16086265
16117581
17002912
18069602
18190594
18985454
19460702
19493133
20017667
20096360
20304383
20441571
20471134
21146793
21578709
21722840
21771453
22467740
22491539
22686580
23476300
24510445
24808131
25650011
25674759
25685207
27961140
28010121
28192869
28969978
29161294
29383339
29597113
29739201
30278247
30672998
30823361
31136773
31189299
31196176
31391857
31493339
31559831
31879370
31956119
32002501
32095788
32695734
32797481
33545961
33934454
33980197
34109315
34579649
34890398
35201778
35268366
36185038
36548691
37160531
37255865
37319253
37907772
38161491
38571796
38925075
38954086
39327873
39519433
40362467
40778139
40838437
40922931
40945115
41031648
41161074
41194080
42308760
42348065
42580285
42906382
42938758
43155760
43301379
43440566
43735560
43776767
43989016
44261072
44621915
44648248
45162925
45418454
45869475
46042889
46150029
47546040
47552953
47595810
47690543
47807947
48624808
48656683
48996398
49054805
49119752
49358811
49556058
49995613
50698900
51037710
51060824
51314050
52161346
52421820
52999714
53434555
53611122
53715983
53815934
54348944
55142307
55148915
55191509
55372761
55457672
55658809
55786769
55812974
56028468
56124883
56160608
57084629
57279759
57619150
57687763
57729980
58456617
58529815
58867248
59367810
59625134
60072667
60214770
60375309
61044301
61786440
62205203
62273667
62408818
63633117
63681270
63721164
64445162
64469085
64576544
65403185
65531005
65698435
65890875
66148304
66668538
67298121
67555004
67555985
67763778
67793552
67949798
68004578
68004969
68246844
68357063
68985293
69105166
69109715
69308524
69620463
69852054
70349273
70460316
70484129
71350515
71591839
71828875
72650102
73051579
73360711
73600586
74080467
74157104
74175857
74314815
74555057
74772450
75097460
75430187
75561084
75948480
75964288
76020332
76100398
76425345
76561220
76708750
76924152
77227854
77358840
77690389
78049139
78153110
79529191
79606917
79677298
79680340
79752138
79787115
79810359
80540387
80601213
80848986
80908440
80949464
81461043
82797304
82996616
83652331
83912658
84495450
84669752
86119145
86154729
86409282
86558271
86714939
87174889
87181736
87574583
87905267
88052163
88266320
88389554
88663611
88874275
89637539
89866317
89940755
90219376
90244932
91138323
91368797
91790573
91896834
91980352
92769793
93157521
93256557
93262734
94101186
94547307
94558280
94667740
94737156
94814274
94862307
94962994
95023734
95266403
95345193
95631796
95737828
96521920
96925481
97662732
97734389
98195317
98319500
98642787
99178779
99192131
99211012
99225282
99351107
